4 0.577604 0.260185 0.0239583 0.087037
1 0.529167 0.246296 0.0270833 0.0981481
1 0.61875 0.255556 0.0229167 0.0907407
2 0.379167 0.788426 0.0375 0.0935185
1 0.338281 0.673148 0.0453125 0.114815
4 0.634896 0.79537 0.0364583 0.0925926
6 0.957292 0.918056 0.0791667 0.134259
2 0.665104 0.260185 0.0270833 0.0740741
6 0.188021 0.102315 0.0375 0.0805556
4 0.520312 0.772685 0.0385417 0.117593
4 0.710938 0.816667 0.040625 0.0851852
5 0.665625 0.260185 0.025 0.062963
6 0.393229 0.264352 0.0270833 0.0768519
2 0.577344 0.260185 0.0244792 0.087037
4 0.263281 0.777315 0.0453125 0.0861111
2 0.433854 0.174537 0.025 0.0527778
4 0.585938 0.795833 0.0333333 0.0916667
4 0.430469 0.253704 0.0255208 0.087037
3 0.378906 0.787963 0.0380208 0.0907407
2 0.519792 0.771759 0.0375 0.119444
3 0.134115 0.8125 0.0390625 0.0657407
2 0.61875 0.256481 0.0239583 0.0851852
2 0.338802 0.674537 0.0442708 0.112037
5 0.341667 0.256481 0.0270833 0.0740741
4 0.323698 0.788426 0.0401042 0.0935185
2 0.529688 0.247222 0.0270833 0.1
3 0.638802 0.687037 0.0255208 0.0685185
3 0.697917 0.701389 0.028125 0.0657407
3 0.576042 0.328704 0.0197917 0.0574074
3 0.451562 0.685648 0.0270833 0.0657407
3 0.478646 0.324537 0.0197917 0.0564815
3 0.389323 0.322685 0.0203125 0.062037
3 0.571875 0.691667 0.0260417 0.0666667
3 0.421354 0.330093 0.0208333 0.0601852
3 0.396354 0.69537 0.0291667 0.0685185
3 0.533073 0.684722 0.0255208 0.0694444
3 0.616667 0.332407 0.0208333 0.0611111
3 0.334375 0.326389 0.0229167 0.0583333
2 0.479948 0.246296 0.0307292 0.118519
3 0.28724 0.707407 0.0307292 0.0666667
3 0.664844 0.32963 0.0213542 0.0611111
3 0.521875 0.326389 0.0197917 0.0601852
0 0.486719 0.552778 0.513021 0.640741
