       0/9     2.94G   0.03443    0.1082    0.0174      0.16       132      1216    0.3806    0.6117    0.4684    0.2845   0.05541    0.5541   0.02917
       1/9     2.95G   0.03176    0.1239   0.01714    0.1728        59      1216    0.3964    0.6238    0.4708    0.2942   0.05499    0.5515   0.02927
       2/9     2.95G   0.02806   0.08652   0.01467    0.1292        49      1216    0.4031    0.6023    0.4646    0.2962   0.05421    0.5448   0.02896
       3/9     2.99G   0.03214    0.1479   0.01697     0.197        98      1216    0.4254    0.6237    0.4732    0.2981   0.05367    0.5385   0.02878
       4/9     2.99G   0.03486    0.1393   0.01642    0.1906       132      1216    0.4187    0.6248      0.48    0.2921   0.05293    0.5264   0.02833
       5/9     2.99G   0.03151    0.1258   0.01616    0.1735       137      1216    0.4117    0.6248       0.5    0.3095   0.05249    0.5176    0.0279
       6/9     3.02G   0.02531    0.1344   0.01743    0.1772       128      1216    0.4082    0.6248    0.4969    0.3084   0.05189     0.513   0.02776
       7/9     3.02G   0.03688    0.1004   0.01653    0.1538        12      1216    0.4082     0.625    0.4886    0.3045   0.05171    0.5103   0.02768
       8/9     3.02G   0.03047    0.1058   0.01583    0.1521        75      1216    0.4051     0.625    0.4978    0.3116   0.05115    0.5025   0.02723
       9/9     3.09G   0.03231     0.145   0.01403    0.1913       120      1216    0.4198    0.6429    0.5048    0.3142   0.05113    0.5001   0.02711
