5 0.194375 0.89125 0.08375 0.0825
2 0.893125 0.124375 0.06625 0.12875
2 0.65625 0.114375 0.06 0.14375
3 0.67125 0.24125 0.05 0.09
2 0.67125 0.240625 0.05 0.09125
5 0.55625 0.088125 0.07 0.16875
3 0.089375 0.2275 0.07125 0.0925
5 0.765 0.8875 0.065 0.08
2 0.089375 0.2275 0.06875 0.0925
3 0.78 0.24625 0.05 0.0925
5 0.08125 0.893125 0.0975 0.08125
4 0.306875 0.891875 0.08125 0.08375
4 0.414375 0.883125 0.09625 0.11375
2 0.415625 0.881875 0.08875 0.10125
4 0.195 0.890625 0.08 0.08375
3 0.306875 0.8925 0.07375 0.08
0 0.51375 0.5875 0.8525 0.7725
2 0.55625 0.08875 0.0675 0.1775
4 0.424375 0.098125 0.08625 0.16875
3 0.884375 0.249375 0.05125 0.08375
3 0.4425 0.226875 0.055 0.08625
3 0.203125 0.24375 0.06125 0.085
0 0.574375 0.293125 0.62875 0.58625
2 0.20125 0.11375 0.075 0.1475
5 0.894375 0.124375 0.06625 0.12125
2 0.32 0.1075 0.0775 0.1425
0 0.62 0.7025 0.625 0.595
3 0.32375 0.235625 0.06 0.09125
2 0.555625 0.883125 0.07125 0.10125
5 0.081875 0.113125 0.08625 0.12375
3 0.541875 0.24125 0.05375 0.09
4 0.656875 0.114375 0.05875 0.14375
3 0.66625 0.891875 0.0625 0.07875
3 0.90625 0.893125 0.065 0.07625
3 0.2025 0.780625 0.065 0.06375
3 0.785625 0.779375 0.04875 0.06375
0 0.4375 0.40875 0.7925 0.735
3 0.09 0.784375 0.0675 0.06625
3 0.654375 0.774375 0.05125 0.06375
3 0.57125 0.769375 0.05 0.06625
3 0.3175 0.785625 0.0575 0.06375
3 0.891875 0.778125 0.05625 0.06625
3 0.425 0.77875 0.055 0.065
0 0.45125 0.704375 0.63 0.59125
2 0.77125 0.10375 0.0625 0.145
