1 0.55625 0.0925 0.0675 0.185
4 0.893125 0.124375 0.06625 0.13625
5 0.1975 0.89 0.075 0.08
2 0.08875 0.226875 0.0675 0.08875
4 0.32 0.10625 0.08 0.15
4 0.415 0.883125 0.095 0.11125
5 0.765 0.886875 0.065 0.07875
3 0.088125 0.2275 0.06625 0.09
4 0.306875 0.8925 0.07375 0.08
2 0.0825 0.1125 0.0875 0.125
4 0.196875 0.89 0.07625 0.085
2 0.555625 0.883125 0.07125 0.10125
2 0.894375 0.12375 0.06625 0.1225
2 0.320625 0.105 0.07875 0.1375
4 0.555625 0.881875 0.07125 0.10125
3 0.778125 0.245625 0.04625 0.08875
0 0.448125 0.275625 0.62875 0.54375
2 0.555625 0.08875 0.06625 0.175
3 0.3225 0.235625 0.0575 0.09125
0 0.4375 0.411875 0.8125 0.72375
0 0.620625 0.713125 0.62125 0.57375
4 0.42375 0.09625 0.0825 0.1775
3 0.665 0.89125 0.06 0.0775
2 0.20125 0.113125 0.075 0.14875
0 0.4625 0.6125 0.825 0.74
5 0.07875 0.8925 0.095 0.0825
3 0.201875 0.78125 0.06625 0.0625
3 0.203125 0.2425 0.06125 0.085
3 0.4425 0.2275 0.0525 0.0825
3 0.67125 0.240625 0.05 0.08625
3 0.884375 0.2475 0.05125 0.0825
3 0.785625 0.77875 0.04875 0.0625
4 0.65625 0.113125 0.06 0.14125
3 0.54 0.24 0.0525 0.085
3 0.09 0.785 0.0675 0.065
3 0.65375 0.77375 0.05 0.0625
3 0.905625 0.891875 0.06375 0.07375
3 0.89125 0.778125 0.055 0.06375
3 0.571875 0.76875 0.04875 0.065
3 0.424375 0.778125 0.05375 0.06375
0 0.4475 0.719375 0.63 0.56125
3 0.3175 0.785 0.0575 0.0625
2 0.77125 0.103125 0.0625 0.14125
