3 0.341927 0.256019 0.0276042 0.0712963
3 0.339323 0.674074 0.0473958 0.109259
4 0.323958 0.789352 0.0395833 0.0953704
4 0.528646 0.245833 0.028125 0.0990741
4 0.263542 0.776389 0.04375 0.0861111
4 0.710938 0.814815 0.0416667 0.0888889
3 0.577083 0.260648 0.0229167 0.0861111
3 0.263281 0.774074 0.0442708 0.0833333
5 0.393229 0.262963 0.0229167 0.0796296
6 0.313542 0.105093 0.0552083 0.169444
5 0.71224 0.813889 0.0421875 0.0833333
2 0.433854 0.175926 0.025 0.0518519
4 0.577604 0.260648 0.0239583 0.0824074
5 0.665885 0.260185 0.0255208 0.062963
3 0.186979 0.0851852 0.0385417 0.111111
5 0.341667 0.255093 0.0260417 0.0712963
4 0.429948 0.253704 0.0244792 0.087037
3 0.134375 0.812037 0.0395833 0.062963
5 0.635156 0.796296 0.0359375 0.0907407
2 0.61875 0.255556 0.0229167 0.0833333
2 0.338802 0.674074 0.0432292 0.111111
2 0.529688 0.246759 0.0260417 0.0990741
5 0.895573 0.0546296 0.0703125 0.109259
4 0.519271 0.772685 0.0375 0.115741
3 0.379427 0.787963 0.0359375 0.0888889
3 0.638802 0.6875 0.0255208 0.0657407
3 0.396094 0.696296 0.0276042 0.0666667
3 0.478646 0.323611 0.0197917 0.0564815
3 0.421354 0.32963 0.0197917 0.0592593
3 0.576563 0.327778 0.0197917 0.0574074
3 0.451562 0.685185 0.0260417 0.0648148
3 0.585938 0.796759 0.0333333 0.0898148
3 0.389583 0.323148 0.0197917 0.0592593
3 0.2875 0.70787 0.0302083 0.0657407
3 0.664844 0.330556 0.0203125 0.0574074
3 0.333854 0.325926 0.021875 0.0574074
3 0.521354 0.325926 0.0197917 0.0592593
2 0.478906 0.244907 0.0296875 0.115741
3 0.697396 0.701389 0.0270833 0.0657407
3 0.616146 0.331944 0.0197917 0.0583333
3 0.572135 0.691204 0.0255208 0.0657407
3 0.533594 0.684722 0.0255208 0.0675926
0 0.484115 0.554167 0.517187 0.660185
